0 1 4982.0
0 2 1973.0
0 3 4591.0
0 4 4657.0
0 5 3253.0
0 6 3202.0
0 7 3084.0
0 8 10348.0
0 9 2458.0
0 10 1270.0
0 11 4093.0
0 12 798.0
0 13 1412.0
0 14 12573.0
0 15 4749.0
0 16 2543.0
0 17 1980.0
0 18 1481.0
0 19 729.0
0 20 1789.0
0 21 2046.0
0 22 5748.0
0 23 876.0
0 24 1924.0
0 25 4548.0
0 26 1169.0
0 27 2015.0
0 28 1321.0
0 29 1667.0
0 30 1310.0
0 31 1925.0
0 32 1634.0
0 33 1833.0
0 34 1487.0
0 35 3095.0
0 36 1439.0
0 37 1200.0
0 38 3292.0
0 39 2768.0
0 40 4702.0
0 41 2337.0
0 42 2995.0
0 43 2106.0
0 44 4534.0
0 45 2772.0
0 46 2553.0
0 47 2664.0
0 48 4062.0
1 0 4955.0
1 2 3428.0
1 3 399.0
1 4 703.0
1 5 7318.0
1 6 1922.0
1 7 2029.0
1 8 5456.0
1 9 3366.0
1 10 4122.0
1 11 1664.0
1 12 4532.0
1 13 4186.0
1 14 7875.0
1 15 7232.0
1 16 2712.0
1 17 3464.0
1 18 4014.0
1 19 4733.0
1 20 4316.0
1 21 3514.0
1 22 856.0
1 23 5147.0
1 24 5337.0
1 25 719.0
1 26 5085.0
1 27 3425.0
1 28 4115.0
1 29 4304.0
1 30 4115.0
1 31 4157.0
1 32 3838.0
1 33 4545.0
1 34 4115.0
1 35 4500.0
1 36 4462.0
1 37 4431.0
1 38 2082.0
1 39 7020.0
1 40 1359.0
1 41 4168.0
1 42 4779.0
1 43 3465.0
1 44 7835.0
1 45 2658.0
1 46 4144.0
1 47 3388.0
1 48 6272.0
2 0 2046.0
2 1 3468.0
2 3 3063.0
2 4 3019.0
2 5 3950.0
2 6 1632.0
2 7 1446.0
2 8 8751.0
2 9 1537.0
2 10 753.0
2 11 2151.0
2 12 1296.0
2 13 817.0
2 14 11046.0
2 15 4350.0
2 16 805.0
2 17 89.0
2 18 648.0
2 19 1433.0
2 20 948.0
2 21 141.0
2 22 4226.0
2 23 2085.0
2 24 1970.0
2 25 3021.0
2 26 1716.0
2 27 111.0
2 28 772.0
2 29 936.0
2 30 709.0
2 31 789.0
2 32 432.0
2 33 1177.0
2 34 734.0
2 35 1776.0
2 36 1094.0
2 37 1062.0
2 38 1534.0
2 39 3733.0
2 40 2868.0
2 41 2440.0
2 42 3551.0
2 43 184.0
2 44 4539.0
2 45 1021.0
2 46 2433.0
2 47 739.0
2 48 5268.0
3 0 4566.0
3 1 401.0
3 2 3025.0
3 4 339.0
3 5 6915.0
3 6 1519.0
3 7 1626.0
3 8 5836.0
3 9 2978.0
3 10 3719.0
3 11 1262.0
3 12 4144.0
3 13 3783.0
3 14 8254.0
3 15 6829.0
3 16 2310.0
3 17 3062.0
3 18 3612.0
3 19 4344.0
3 20 3913.0
3 21 3112.0
3 22 1236.0
3 23 4759.0
3 24 4935.0
3 25 330.0
3 26 4682.0
3 27 3022.0
3 28 3712.0
3 29 3901.0
3 30 3712.0
3 31 3754.0
3 32 3435.0
3 33 4142.0
3 34 3712.0
3 35 4097.0
3 36 4060.0
3 37 4028.0
3 38 1679.0
3 39 6632.0
3 40 957.0
3 41 3779.0
3 42 4390.0
3 43 3063.0
3 44 7432.0
3 45 2256.0
3 46 3756.0
3 47 2985.0
3 48 5884.0
4 0 4635.0
4 1 713.0
4 2 2990.0
4 3 347.0
4 5 6790.0
4 6 1506.0
4 7 1591.0
4 8 5807.0
4 9 3046.0
4 10 3684.0
4 11 1176.0
4 12 4212.0
4 13 3748.0
4 14 8301.0
4 15 6704.0
4 16 2275.0
4 17 3026.0
4 18 3576.0
4 19 4364.0
4 20 3788.0
4 21 3077.0
4 22 1282.0
4 23 4827.0
4 24 4810.0
4 25 681.0
4 26 4647.0
4 27 2987.0
4 28 3677.0
4 29 3776.0
4 30 3677.0
4 31 3629.0
4 32 3400.0
4 33 4017.0
4 34 3677.0
4 35 3972.0
4 36 3974.0
4 37 3993.0
4 38 1644.0
4 39 6717.0
4 40 771.0
4 41 3981.0
4 42 4738.0
4 43 3028.0
4 44 7307.0
4 45 2221.0
4 46 3974.0
4 47 2860.0
4 48 6234.0
5 0 3302.0
5 1 7366.0
5 2 3958.0
5 3 6961.0
5 4 6828.0
5 6 5534.0
5 7 5348.0
5 8 12605.0
5 9 5049.0
5 10 3261.0
5 11 5833.0
5 12 2999.0
5 13 3234.0
5 14 14948.0
5 15 3968.0
5 16 4707.0
5 17 3881.0
5 18 3360.0
5 19 2806.0
5 20 3116.0
5 21 3842.0
5 22 8080.0
5 23 2792.0
5 24 2349.0
5 25 6923.0
5 26 2797.0
5 27 3917.0
5 28 3500.0
5 29 3013.0
5 30 3320.0
5 31 3252.0
5 32 3668.0
5 33 2994.0
5 34 3265.0
5 35 4063.0
5 36 2910.0
5 37 2991.0
5 38 5352.0
5 39 900.0
5 40 6517.0
5 41 4854.0
5 42 5337.0
5 43 3947.0
5 44 2557.0
5 45 4760.0
5 46 5169.0
5 47 4176.0
5 48 6244.0
6 0 3194.0
6 1 1946.0
6 2 1618.0
6 3 1541.0
6 4 1521.0
6 5 5511.0
6 7 219.0
6 8 7253.0
6 9 1605.0
6 10 2312.0
6 11 957.0
6 12 2772.0
6 13 2376.0
6 14 9528.0
6 15 5884.0
6 16 903.0
6 17 1655.0
6 18 2205.0
6 19 2972.0
6 20 2509.0
6 21 1705.0
6 22 2728.0
6 23 3386.0
6 24 3531.0
6 25 1503.0
6 26 3275.0
6 27 1615.0
6 28 2305.0
6 29 2497.0
6 30 2305.0
6 31 2350.0
6 32 2028.0
6 33 2738.0
6 34 2305.0
6 35 3030.0
6 36 2653.0
6 37 2621.0
6 38 412.0
6 39 5260.0
6 40 1566.0
6 41 2540.0
6 42 3588.0
6 43 1656.0
6 44 6100.0
6 45 884.0
6 46 2533.0
6 47 1806.0
6 48 5316.0
7 0 3079.0
7 1 2057.0
7 2 1434.0
7 3 1652.0
7 4 1608.0
7 5 5327.0
7 6 221.0
7 8 7340.0
7 9 1490.0
7 10 2128.0
7 11 1044.0
7 12 2656.0
7 13 2192.0
7 14 9669.0
7 15 5700.0
7 16 719.0
7 17 1471.0
7 18 2021.0
7 19 2808.0
7 20 2325.0
7 21 1521.0
7 22 2815.0
7 23 3271.0
7 24 3347.0
7 25 1644.0
7 26 3091.0
7 27 1431.0
7 28 2121.0
7 29 2313.0
7 30 2121.0
7 31 2166.0
7 32 1844.0
7 33 2554.0
7 34 2121.0
7 35 2846.0
7 36 2469.0
7 37 2437.0
7 38 260.0
7 39 5145.0
7 40 1653.0
7 41 2425.0
7 42 3602.0
7 43 1472.0
7 44 5916.0
7 45 700.0
7 46 2418.0
7 47 1622.0
7 48 5330.0
8 0 10271.0
8 1 5405.0
8 2 8677.0
8 3 5784.0
8 4 5761.0
8 5 12518.0
8 6 7193.0
8 7 7278.0
8 9 8682.0
8 10 9371.0
8 11 6904.0
8 12 9848.0
8 13 9435.0
8 14 8122.0
8 15 11224.0
8 16 7962.0
8 17 8713.0
8 18 9263.0
8 19 10051.0
8 20 9516.0
8 21 8763.0
8 22 4812.0
8 23 10463.0
8 24 10538.0
8 25 6009.0
8 26 10334.0
8 27 8674.0
8 28 9364.0
8 29 9504.0
8 30 9364.0
8 31 9357.0
8 32 9087.0
8 33 9745.0
8 34 9364.0
8 35 9177.0
8 36 9712.0
8 37 9680.0
8 38 7331.0
8 39 12336.0
8 40 6152.0
8 41 9484.0
8 42 10095.0
8 43 8715.0
8 44 12539.0
8 45 7908.0
8 46 9460.0
8 47 8588.0
8 48 11588.0
9 0 2487.0
9 1 3432.0
9 2 1567.0
9 3 3042.0
9 4 3107.0
9 5 5039.0
9 6 1652.0
9 7 1534.0
9 8 8799.0
9 10 2008.0
9 11 2543.0
9 12 2065.0
9 13 2093.0
9 14 11023.0
9 15 5782.0
9 16 1339.0
9 17 1621.0
9 18 2016.0
9 19 2265.0
9 20 2380.0
9 21 1676.0
9 22 4199.0
9 23 2680.0
9 24 3214.0
9 25 2999.0
9 26 2821.0
9 27 1587.0
9 28 1688.0
9 29 2297.0
9 30 1939.0
9 31 2221.0
9 32 1728.0
9 33 2585.0
9 34 2112.0
9 35 3220.0
9 36 2305.0
9 37 2165.0
9 38 1759.0
9 39 4553.0
9 40 3152.0
9 41 1093.0
9 42 2204.0
9 43 1627.0
9 44 5784.0
9 45 1569.0
9 46 1087.0
9 47 2139.0
9 48 3922.0
10 0 1294.0
10 1 4176.0
10 2 756.0
10 3 3772.0
10 4 3727.0
10 5 3279.0
10 6 2340.0
10 7 2155.0
10 8 9460.0
10 9 1978.0
10 11 2859.0
10 12 537.0
10 13 136.0
10 14 11755.0
10 15 4004.0
10 16 1513.0
10 17 709.0
10 18 204.0
10 19 674.0
10 20 558.0
10 21 775.0
10 22 4935.0
10 23 1326.0
10 24 1299.0
10 25 3730.0
10 26 957.0
10 27 745.0
10 28 300.0
10 29 428.0
10 30 58.0
10 31 694.0
10 32 436.0
10 33 716.0
10 34 257.0
10 35 1902.0
10 36 335.0
10 37 303.0
10 38 2243.0
10 39 2975.0
10 40 3577.0
10 41 2440.0
10 42 3567.0
10 43 835.0
10 44 3868.0
10 45 1730.0
10 46 2449.0
10 47 1388.0
10 48 4998.0
11 0 4075.0
11 1 1680.0
11 2 2132.0
11 3 1275.0
11 4 1179.0
11 5 5803.0
11 6 946.0
11 7 1031.0
11 8 6955.0
11 9 2487.0
11 10 2826.0
11 12 3369.0
11 13 2890.0
11 14 9449.0
11 15 5769.0
11 16 1715.0
11 17 2169.0
11 18 2719.0
11 19 3506.0
11 20 2800.0
11 21 2153.0
11 22 2430.0
11 23 4158.0
11 24 3822.0
11 25 1494.0
11 26 3659.0
11 27 2126.0
11 28 2841.0
11 29 2788.0
11 30 2799.0
11 31 2641.0
11 32 2540.0
11 33 3029.0
11 34 2773.0
11 35 3037.0
11 36 2986.0
11 37 3135.0
11 38 968.0
11 39 5729.0
11 40 1061.0
11 41 3421.0
11 42 4244.0
11 43 2058.0
11 44 6355.0
11 45 1545.0
11 46 3414.0
11 47 1908.0
11 48 5972.0
12 0 853.0
12 1 4602.0
12 2 1318.0
12 3 4212.0
12 4 4278.0
12 5 3026.0
12 6 2823.0
12 7 2705.0
12 8 9969.0
12 9 2079.0
12 10 556.0
12 11 3421.0
12 13 698.0
12 14 12194.0
12 15 4091.0
12 16 2075.0
12 17 1271.0
12 18 766.0
12 19 201.0
12 20 1064.0
12 21 1337.0
12 22 5369.0
12 23 853.0
12 24 1306.0
12 25 4169.0
12 26 775.0
12 27 1307.0
12 28 726.0
12 29 953.0
12 30 614.0
12 31 1200.0
12 32 998.0
12 33 1120.0
12 34 763.0
12 35 2383.0
12 36 724.0
12 37 472.0
12 38 2805.0
12 39 2571.0
12 40 4139.0
12 41 2411.0
12 42 3496.0
12 43 1397.0
12 44 3876.0
12 45 2292.0
12 46 2420.0
12 47 1950.0
12 48 4563.0
13 0 1425.0
13 1 4230.0
13 2 810.0
13 3 3825.0
13 4 3781.0
13 5 3245.0
13 6 2394.0
13 7 2208.0
13 8 9513.0
13 9 2043.0
13 10 125.0
13 11 2913.0
13 12 668.0
13 14 11808.0
13 15 3862.0
13 16 1567.0
13 17 763.0
13 18 215.0
13 19 805.0
13 20 423.0
13 21 829.0
13 22 4988.0
13 23 1457.0
13 24 1265.0
13 25 3783.0
13 26 919.0
13 27 798.0
13 28 431.0
13 29 293.0
13 30 189.0
13 31 559.0
13 32 490.0
13 33 581.0
13 34 121.0
13 35 1715.0
13 36 305.0
13 37 434.0
13 38 2296.0
13 39 3107.0
13 40 3606.0
13 41 2546.0
13 42 3673.0
13 43 889.0
13 44 3834.0
13 45 1783.0
13 46 2555.0
13 47 1266.0
13 48 5129.0
14 0 12478.0
14 1 7809.0
14 2 10942.0
14 3 8188.0
14 4 8227.0
14 5 14835.0
14 6 9439.0
14 7 9575.0
14 8 8107.0
14 9 10889.0
14 10 11636.0
14 11 9372.0
14 12 12055.0
14 13 11700.0
14 15 14525.0
14 16 10227.0
14 17 10979.0
14 18 11529.0
14 19 12256.0
14 20 11833.0
14 21 11029.0
14 22 7150.0
14 23 12670.0
14 24 12855.0
14 25 8131.0
14 26 12599.0
14 27 10939.0
14 28 11629.0
14 29 11821.0
14 30 11629.0
14 31 11674.0
14 32 11352.0
14 33 12062.0
14 34 11629.0
14 35 12168.0
14 36 11977.0
14 37 11945.0
14 38 9745.0
14 39 14544.0
14 40 8861.0
14 41 11340.0
14 42 11452.0
14 43 10980.0
14 44 15503.0
14 45 10208.0
14 46 11377.0
14 47 11056.0
14 48 11953.0
15 0 4789.0
15 1 7272.0
15 2 4343.0
15 3 6867.0
15 4 6734.0
15 5 3982.0
15 6 5896.0
15 7 5710.0
15 8 11356.0
15 9 5775.0
15 10 4011.0
15 11 5789.0
15 12 4079.0
15 13 3876.0
15 14 14582.0
15 16 5094.0
15 17 4253.0
15 18 3952.0
15 19 4104.0
15 20 3569.0
15 21 4203.0
15 22 7986.0
15 23 4667.0
15 24 3221.0
15 25 7139.0
15 26 3801.0
15 27 4301.0
15 28 4265.0
15 29 3653.0
15 30 4070.0
15 31 3650.0
15 32 4202.0
15 33 3291.0
15 34 3857.0
15 35 3045.0
15 36 3660.0
15 37 3827.0
15 38 5600.0
15 39 4824.0
15 40 6393.0
15 41 6370.0
15 42 7432.0
15 43 4303.0
15 44 2259.0
15 45 5129.0
15 46 6380.0
15 47 4079.0
15 48 8500.0
16 0 2547.0
16 1 2745.0
16 2 797.0
16 3 2340.0
16 4 2296.0
16 5 4691.0
16 6 909.0
16 7 723.0
16 8 8028.0
16 9 1300.0
16 10 1491.0
16 11 1732.0
16 12 2034.0
16 13 1555.0
16 14 10323.0
16 15 5081.0
16 17 834.0
16 18 1384.0
16 19 2171.0
16 20 1688.0
16 21 884.0
16 22 3503.0
16 23 2739.0
16 24 2710.0
16 25 2298.0
16 26 2454.0
16 27 794.0
16 28 1485.0
16 29 1676.0
16 30 1484.0
16 31 1529.0
16 32 1207.0
16 33 1917.0
16 34 1484.0
16 35 2431.0
16 36 1832.0
16 37 1800.0
16 38 811.0
16 39 4472.0
16 40 2341.0
16 41 2234.0
16 42 3345.0
16 43 835.0
16 44 5279.0
16 45 325.0
16 46 2227.0
16 47 1207.0
16 48 5062.0
17 0 1984.0
17 1 3504.0
17 2 90.0
17 3 3099.0
17 4 3055.0
17 5 3871.0
17 6 1668.0
17 7 1482.0
17 8 8788.0
17 9 1592.0
17 10 692.0
17 11 2191.0
17 12 1235.0
17 13 755.0
17 14 11082.0
17 15 4247.0
17 16 841.0
17 18 584.0
17 19 1371.0
17 20 868.0
17 21 51.0
17 22 4263.0
17 23 2024.0
17 24 1890.0
17 25 3057.0
17 26 1655.0
17 27 43.0
17 28 766.0
17 29 856.0
17 30 664.0
17 31 709.0
17 32 407.0
17 33 1097.0
17 34 684.0
17 35 1710.0
17 36 1032.0
17 37 1001.0
17 38 1570.0
17 39 3672.0
17 40 2921.0
17 41 2494.0
17 42 3605.0
17 43 133.0
17 44 4460.0
17 45 1058.0
17 46 2488.0
17 47 673.0
17 48 5189.0
18 0 1493.0
18 1 4057.0
18 2 637.0
18 3 3653.0
18 4 3608.0
18 5 3341.0
18 6 2221.0
18 7 2036.0
18 8 9341.0
18 9 1960.0
18 10 193.0
18 11 2740.0
18 12 736.0
18 13 214.0
18 14 11636.0
18 15 3936.0
18 16 1394.0
18 17 590.0
18 19 873.0
18 20 497.0
18 21 656.0
18 22 4816.0
18 23 1525.0
18 24 1360.0
18 25 3611.0
18 26 1025.0
18 27 626.0
18 28 354.0
18 29 367.0
18 30 184.0
18 31 502.0
18 32 319.0
18 33 655.0
18 34 182.0
18 35 1715.0
18 36 410.0
18 37 502.0
18 38 2124.0
18 39 3212.0
18 40 3458.0
18 41 2467.0
18 42 3594.0
18 43 716.0
18 44 3930.0
18 45 1611.0
18 46 2477.0
18 47 1200.0
18 48 5074.0
19 0 781.0
19 1 4808.0
19 2 1460.0
19 3 4418.0
19 4 4431.0
19 5 2837.0
19 6 3028.0
19 7 2858.0
19 8 10164.0
19 9 2285.0
19 10 697.0
19 11 3563.0
19 12 206.0
19 13 839.0
19 14 12399.0
19 15 4128.0
19 16 2217.0
19 17 1413.0
19 18 908.0
19 20 1228.0
19 21 1479.0
19 22 5575.0
19 23 724.0
19 24 1303.0
19 25 4375.0
19 26 576.0
19 27 1449.0
19 28 868.0
19 29 1047.0
19 30 756.0
19 31 1364.0
19 32 1140.0
19 33 1212.0
19 34 904.0
19 35 2475.0
19 36 818.0
19 37 614.0
19 38 2946.0
19 39 2383.0
19 40 4281.0
19 41 2616.0
19 42 3424.0
19 43 1539.0
19 44 3914.0
19 45 2434.0
19 46 2626.0
19 47 2091.0
19 48 4492.0
20 0 1798.0
20 1 4354.0
20 2 946.0
20 3 3949.0
20 4 3816.0
20 5 3120.0
20 6 2522.0
20 7 2336.0
20 8 9592.0
20 9 2354.0
20 10 542.0
20 11 2821.0
20 12 1031.0
20 13 417.0
20 14 11936.0
20 15 3547.0
20 16 1695.0
20 17 869.0
20 18 493.0
20 19 1180.0
20 21 829.0
20 22 5067.0
20 23 1748.0
20 24 1140.0
20 25 3911.0
20 26 1041.0
20 27 904.0
20 28 762.0
20 29 195.0
20 30 592.0
20 31 254.0
20 32 782.0
20 33 297.0
20 34 399.0
20 35 1387.0
20 36 368.0
20 37 621.0
20 38 2340.0
20 39 3042.0
20 40 3504.0
20 41 2875.0
20 42 4002.0
20 43 934.0
20 44 3709.0
20 45 1747.0
20 46 2884.0
20 47 1164.0
20 48 5481.0
21 0 2049.0
21 1 3553.0
21 2 140.0
21 3 3148.0
21 4 3104.0
21 5 3833.0
21 6 1717.0
21 7 1531.0
21 8 8837.0
21 9 1647.0
21 10 757.0
21 11 2176.0
21 12 1300.0
21 13 820.0
21 14 11131.0
21 15 4196.0
21 16 890.0
21 17 50.0
21 18 649.0
21 19 1436.0
21 20 830.0
21 22 4312.0
21 23 2089.0
21 24 1852.0
21 25 3106.0
21 26 1690.0
21 27 90.0
21 28 831.0
21 29 818.0
21 30 729.0
21 31 671.0
21 32 472.0
21 33 1059.0
21 34 749.0
21 35 1658.0
21 36 1016.0
21 37 1066.0
21 38 1619.0
21 39 3759.0
21 40 2869.0
21 41 2549.0
21 42 3660.0
21 43 145.0
21 44 4422.0
21 45 1075.0
21 46 2542.0
21 47 622.0
21 48 5378.0
22 0 5712.0
22 1 846.0
22 2 4180.0
22 3 1225.0
22 4 1264.0
22 5 8023.0
22 6 2696.0
22 7 2781.0
22 8 4866.0
22 9 4123.0
22 10 4874.0
22 11 2409.0
22 12 5289.0
22 13 4938.0
22 14 7205.0
22 15 7937.0
22 16 3465.0
22 17 4216.0
22 18 4766.0
22 19 5490.0
22 20 5021.0
22 21 4266.0
22 23 5904.0
22 24 6043.0
22 25 1370.0
22 26 5837.0
22 27 4177.0
22 28 4867.0
22 29 5009.0
22 30 4867.0
22 31 4862.0
22 32 4590.0
22 33 5250.0
22 34 4867.0
22 35 5205.0
22 36 5215.0
22 37 5183.0
22 38 2834.0
22 39 7777.0
22 40 1967.0
22 41 4885.0
22 42 5496.0
22 43 4218.0
22 44 8540.0
22 45 3411.0
22 46 4861.0
22 47 4093.0
22 48 6985.0
23 0 901.0
23 1 5189.0
23 2 2078.0
23 3 4799.0
23 4 4864.0
23 5 2781.0
23 6 3409.0
23 7 3291.0
23 8 10556.0
23 9 2666.0
23 10 1315.0
23 11 4181.0
23 12 824.0
23 13 1458.0
23 14 12780.0
23 15 4650.0
23 16 2750.0
23 17 2031.0
23 18 1526.0
23 19 698.0
23 20 1757.0
23 21 2097.0
23 22 5956.0
23 24 1782.0
23 25 4756.0
23 26 943.0
23 27 2067.0
23 28 1486.0
23 29 1576.0
23 30 1374.0
23 31 1893.0
23 32 1758.0
23 33 1741.0
23 34 1523.0
23 35 3004.0
23 36 1347.0
23 37 1232.0
23 38 3499.0
23 39 2295.0
23 40 4909.0
23 41 2449.0
23 42 2932.0
23 43 2157.0
23 44 4224.0
23 45 2980.0
23 46 2741.0
23 47 2709.0
23 48 3949.0
24 0 1976.0
24 1 5428.0
24 2 2021.0
24 3 5024.0
24 4 4891.0
24 5 2390.0
24 6 3597.0
24 7 3411.0
24 8 10667.0
24 9 3206.0
24 10 1324.0
24 11 3895.0
24 12 1305.0
24 13 1297.0
24 14 13011.0
24 15 3237.0
24 16 2769.0
24 17 1944.0
24 18 1422.0
24 19 1291.0
24 20 1179.0
24 21 1904.0
24 22 6142.0
24 23 1810.0
24 25 4986.0
24 26 923.0
24 27 1979.0
24 28 1563.0
24 29 1075.0
24 30 1382.0
24 31 1315.0
24 32 1731.0
24 33 1057.0
24 34 1328.0
24 35 2213.0
24 36 973.0
24 37 1053.0
24 38 3415.0
24 39 2400.0
24 40 4579.0
24 41 3668.0
24 42 4619.0
24 43 2009.0
24 44 2763.0
24 45 2822.0
24 46 3677.0
24 47 2239.0
24 48 5686.0
25 0 4524.0
25 1 721.0
25 2 2988.0
25 3 331.0
25 4 674.0
25 5 6881.0
25 6 1485.0
25 7 1621.0
25 8 6061.0
25 9 2935.0
25 10 3682.0
25 11 1483.0
25 12 4101.0
25 13 3746.0
25 14 8195.0
25 15 7101.0
25 16 2272.0
25 17 3024.0
25 18 3574.0
25 19 4302.0
25 20 3879.0
25 21 3074.0
25 22 1378.0
25 23 4716.0
25 24 4900.0
25 26 4645.0
25 27 2985.0
25 28 3675.0
25 29 3867.0
25 30 3675.0
25 31 3720.0
25 32 3398.0
25 33 4108.0
25 34 3675.0
25 35 4369.0
25 36 4022.0
25 37 3991.0
25 38 1791.0
25 39 6589.0
25 40 1291.0
25 41 3737.0
25 42 4348.0
25 43 3025.0
25 44 7470.0
25 45 2253.0
25 46 3713.0
25 47 3176.0
25 48 5841.0
26 0 1218.0
26 1 5162.0
26 2 1742.0
26 3 4757.0
26 4 4716.0
26 5 2773.0
26 6 3326.0
26 7 3140.0
26 8 10445.0
26 9 2796.0
26 10 979.0
26 11 3721.0
26 12 782.0
26 13 953.0
26 14 12740.0
26 15 3815.0
26 16 2499.0
26 17 1695.0
26 18 1060.0
26 19 549.0
26 20 1082.0
26 21 1729.0
26 22 5920.0
26 23 968.0
26 24 926.0
26 25 4715.0
26 27 1730.0
26 28 1169.0
26 29 900.0
26 30 1037.0
26 31 1218.0
26 32 1422.0
26 33 1007.0
26 34 966.0
26 35 2269.0
26 36 637.0
26 37 632.0
26 38 3240.0
26 39 2326.0
26 40 4404.0
26 41 3193.0
26 42 3837.0
26 43 1821.0
26 44 3523.0
26 45 2647.0
26 46 3202.0
26 47 2064.0
26 48 4917.0
27 0 2020.0
27 1 3462.0
27 2 111.0
27 3 3058.0
27 4 3014.0
27 5 3906.0
27 6 1627.0
27 7 1441.0
27 8 8746.0
27 9 1556.0
27 10 727.0
27 11 2149.0
27 12 1270.0
27 13 791.0
27 14 11041.0
27 15 4293.0
27 16 799.0
27 17 42.0
27 18 619.0
27 19 1407.0
27 20 904.0
27 21 89.0
27 22 4221.0
27 23 2059.0
27 24 1925.0
27 25 3016.0
27 26 1690.0
27 28 801.0
27 29 892.0
27 30 700.0
27 31 745.0
27 32 443.0
27 33 1133.0
27 34 720.0
27 35 1683.0
27 36 1067.0
27 37 1036.0
27 38 1529.0
27 39 3707.0
27 40 2866.0
27 41 2459.0
27 42 3570.0
27 43 91.0
27 44 4495.0
27 45 1016.0
27 46 2452.0
27 47 646.0
27 48 5287.0
28 0 1373.0
28 1 4195.0
28 2 827.0
28 3 3790.0
28 4 3746.0
28 5 3547.0
28 6 2359.0
28 7 2173.0
28 8 9478.0
28 9 1670.0
28 10 325.0
28 11 2899.0
28 12 730.0
28 13 467.0
28 14 11773.0
28 15 4286.0
28 16 1532.0
28 17 808.0
28 18 390.0
28 19 867.0
28 20 801.0
28 21 874.0
28 22 4953.0
28 23 1519.0
28 24 1566.0
28 25 3748.0
28 26 1171.0
28 27 843.0
28 29 671.0
28 30 260.0
28 31 927.0
28 32 435.0
28 33 959.0
28 34 487.0
28 35 2088.0
28 36 657.0
28 37 517.0
28 38 2261.0
28 39 3201.0
28 40 3616.0
28 41 2172.0
28 42 3299.0
28 43 934.0
28 44 4136.0
28 45 1748.0
28 46 2181.0
28 47 1489.0
28 48 4778.0
29 0 1695.0
29 1 4353.0
29 2 946.0
29 3 3949.0
29 4 3815.0
29 5 3033.0
29 6 2521.0
29 7 2336.0
29 8 9592.0
29 9 2253.0
29 10 423.0
29 11 2820.0
29 12 928.0
29 13 298.0
29 14 11936.0
29 15 3645.0
29 16 1694.0
29 17 868.0
29 18 374.0
29 19 1010.0
29 20 205.0
29 21 829.0
29 22 5067.0
29 23 1578.0
29 24 1052.0
29 25 3911.0
29 26 871.0
29 27 904.0
29 28 642.0
29 30 472.0
29 31 341.0
29 32 655.0
29 33 363.0
29 34 280.0
29 35 1498.0
29 36 198.0
29 37 451.0
29 38 2340.0
29 39 2941.0
29 40 3504.0
29 41 2755.0
29 42 3882.0
29 43 934.0
29 44 3621.0
29 45 1747.0
29 46 2765.0
29 47 1164.0
29 48 5362.0
30 0 1337.0
30 1 4169.0
30 2 725.0
30 3 3765.0
30 4 3721.0
30 5 3344.0
30 6 2334.0
30 7 2148.0
30 8 9453.0
30 9 1901.0
30 10 64.0
30 11 2830.0
30 12 581.0
30 13 206.0
30 14 11748.0
30 15 4068.0
30 16 1507.0
30 17 680.0
30 18 192.0
30 19 718.0
30 20 604.0
30 21 746.0
30 22 4928.0
30 23 1370.0
30 24 1363.0
30 25 3723.0
30 26 1021.0
30 27 715.0
30 28 233.0
30 29 474.0
30 31 730.0
30 32 389.0
30 33 762.0
30 34 289.0
30 35 1890.0
30 36 399.0
30 37 367.0
30 38 2236.0
30 39 3039.0
30 40 3547.0
30 41 2381.0
30 42 3508.0
30 43 806.0
30 44 3932.0
30 45 1723.0
30 46 2391.0
30 47 1376.0
30 48 4988.0
31 0 1936.0
31 1 4197.0
31 2 789.0
31 3 3792.0
31 4 3659.0
31 5 3259.0
31 6 2365.0
31 7 2179.0
31 8 9435.0
31 9 2198.0
31 10 680.0
31 11 2664.0
31 12 1169.0
31 13 555.0
31 14 11779.0
31 15 3631.0
31 16 1538.0
31 17 712.0
31 18 515.0
31 19 1318.0
31 20 256.0
31 21 673.0
31 22 4911.0
31 23 1886.0
31 24 1278.0
31 25 3754.0
31 26 1179.0
31 27 747.0
31 28 890.0
31 29 333.0
31 30 720.0
31 32 625.0
31 33 485.0
31 34 409.0
31 35 1373.0
31 36 506.0
31 37 759.0
31 38 2183.0
31 39 3181.0
31 40 3347.0
31 41 2845.0
31 42 3972.0
31 43 777.0
31 44 3847.0
31 45 1590.0
31 46 2854.0
31 47 1007.0
31 48 5488.0
32 0 1662.0
32 1 3897.0
32 2 453.0
32 3 3493.0
32 4 3449.0
32 5 3679.0
32 6 2062.0
32 7 1876.0
32 8 9181.0
32 9 1722.0
32 10 438.0
32 11 2578.0
32 12 981.0
32 13 502.0
32 14 11476.0
32 15 4199.0
32 16 1234.0
32 17 431.0
32 18 333.0
32 19 1118.0
32 20 797.0
32 21 496.0
32 22 4656.0
32 23 1770.0
32 24 1698.0
32 25 3451.0
32 26 1401.0
32 27 466.0
32 28 414.0
32 29 664.0
32 30 393.0
32 31 637.0
32 33 994.0
32 34 435.0
32 35 1798.0
32 36 778.0
32 37 747.0
32 38 1964.0
32 39 3418.0
32 40 3296.0
32 41 2375.0
32 42 3502.0
32 43 556.0
32 44 4268.0
32 45 1451.0
32 46 2384.0
32 47 1112.0
32 48 5018.0
33 0 1854.0
33 1 4590.0
33 2 1183.0
33 3 4186.0
33 4 4053.0
33 5 3007.0
33 6 2759.0
33 7 2573.0
33 8 9829.0
33 9 2539.0
33 10 709.0
33 11 3057.0
33 12 1087.0
33 13 584.0
33 14 12173.0
33 15 3279.0
33 16 1931.0
33 17 1106.0
33 18 660.0
33 19 1169.0
33 20 305.0
33 21 1066.0
33 22 5304.0
33 23 1737.0
33 24 1026.0
33 25 4148.0
33 26 971.0
33 27 1141.0
33 28 929.0
33 29 361.0
33 30 759.0
33 31 490.0
33 32 985.0
33 34 566.0
33 35 1369.0
33 36 478.0
33 37 675.0
33 38 2577.0
33 39 2929.0
33 40 3745.0
33 41 3042.0
33 42 4169.0
33 43 1171.0
33 44 3490.0
33 45 1984.0
33 46 3051.0
33 47 1304.0
33 48 5564.0
34 0 1500.0
34 1 4156.0
34 2 736.0
34 3 3751.0
34 4 3707.0
34 5 3246.0
34 6 2320.0
34 7 2134.0
34 8 9439.0
34 9 2059.0
34 10 244.0
34 11 2796.0
34 12 733.0
34 13 119.0
34 14 11734.0
34 15 3842.0
34 16 1493.0
34 17 689.0
34 18 182.0
34 19 870.0
34 20 402.0
34 21 755.0
34 22 4914.0
34 23 1522.0
34 24 1265.0
34 25 3709.0
34 26 930.0
34 27 724.0
34 28 450.0
34 29 272.0
34 30 280.0
34 31 411.0
34 32 419.0
34 33 560.0
34 35 1596.0
34 36 315.0
34 37 499.0
34 38 2222.0
34 39 3117.0
34 40 3479.0
34 41 2563.0
34 42 3690.0
34 43 815.0
34 44 3835.0
34 45 1722.0
34 46 2573.0
34 47 1139.0
34 48 5170.0
35 0 3103.0
35 1 4534.0
35 2 1769.0
35 3 4130.0
35 4 3997.0
35 5 4069.0
35 6 3043.0
35 7 2857.0
35 8 9235.0
35 9 3184.0
35 10 1884.0
35 11 3053.0
35 12 2336.0
35 13 1708.0
35 14 12267.0
35 15 3046.0
35 16 2434.0
35 17 1703.0
35 18 1709.0
35 19 2418.0
35 20 1387.0
35 21 1653.0
35 22 5248.0
35 23 2986.0
35 24 2179.0
35 25 4401.0
35 26 2220.0
35 27 1678.0
35 28 2045.0
35 29 1486.0
35 30 1875.0
35 31 1370.0
35 32 1780.0
35 33 1357.0
35 34 1591.0
35 36 1659.0
35 37 1924.0
35 38 2747.0
35 39 4178.0
35 40 3655.0
35 41 4000.0
35 42 5127.0
35 43 1583.0
35 44 4061.0
35 45 2275.0
35 46 4009.0
35 47 1261.0
35 48 6642.0
36 0 1497.0
36 1 4546.0
36 2 1126.0
36 3 4141.0
36 4 4044.0
36 5 2959.0
36 6 2710.0
36 7 2524.0
36 8 9829.0
36 9 2304.0
36 10 363.0
36 11 3049.0
36 12 731.0
36 13 342.0
36 14 12124.0
36 15 3683.0
36 16 1883.0
36 17 1079.0
36 18 450.0
36 19 812.0
36 20 410.0
36 21 1058.0
36 22 5305.0
36 23 1381.0
36 24 978.0
36 25 4099.0
36 26 641.0
36 27 1114.0
36 28 660.0
36 29 229.0
36 30 422.0
36 31 546.0
36 32 806.0
36 33 493.0
36 34 355.0
36 35 1702.0
36 37 253.0
36 38 2568.0
36 39 2828.0
36 40 3732.0
36 41 2765.0
36 42 3892.0
36 43 1205.0
36 44 3548.0
36 45 1975.0
36 46 2775.0
36 47 1392.0
36 48 5208.0
37 0 1260.0
37 1 4519.0
37 2 1099.0
37 3 4114.0
37 4 4070.0
37 5 3049.0
37 6 2683.0
37 7 2497.0
37 8 9803.0
37 9 2170.0
37 10 336.0
37 11 3202.0
37 12 487.0
37 13 478.0
37 14 12097.0
37 15 3853.0
37 16 1856.0
37 17 1052.0
37 18 547.0
37 19 622.0
37 20 673.0
37 21 1118.0
37 22 5278.0
37 23 1276.0
37 24 1068.0
37 25 4072.0
37 26 645.0
37 27 1088.0
37 28 526.0
37 29 491.0
37 30 395.0
37 31 808.0
37 32 779.0
37 33 701.0
37 34 543.0
37 35 1981.0
37 36 263.0
37 38 2585.0
37 39 2832.0
37 40 3920.0
37 41 2631.0
37 42 3758.0
37 43 1178.0
37 44 3638.0
37 45 2073.0
37 46 2641.0
37 47 1655.0
37 48 4965.0
38 0 3291.0
38 1 2110.0
38 2 1523.0
38 3 1705.0
38 4 1661.0
38 5 5332.0
38 6 414.0
38 7 260.0
38 8 7393.0
38 9 1715.0
38 10 2217.0
38 11 981.0
38 12 2760.0
38 13 2281.0
38 14 9887.0
38 15 5592.0
38 16 808.0
38 17 1560.0
38 18 2110.0
38 19 2897.0
38 20 2330.0
38 21 1610.0
38 22 2868.0
38 23 3483.0
38 24 3352.0
38 25 1816.0
38 26 3189.0
38 27 1520.0
38 28 2210.0
38 29 2318.0
38 30 2210.0
38 31 2171.0
38 32 1933.0
38 33 2559.0
38 34 2210.0
38 35 2738.0
38 36 2516.0
38 37 2526.0
38 39 5259.0
38 40 1592.0
38 41 2650.0
38 42 3827.0
38 43 1559.0
38 44 5921.0
38 45 653.0
38 46 2643.0
38 47 1514.0
38 48 5555.0
39 0 2771.0
39 1 7040.0
39 2 3710.0
39 3 6650.0
39 4 6725.0
39 5 904.0
39 6 5261.0
39 7 5143.0
39 8 12407.0
39 9 4517.0
39 10 2947.0
39 11 5729.0
39 12 2518.0
39 13 3091.0
39 14 14632.0
39 15 4814.0
39 16 4466.0
39 17 3662.0
39 18 3256.0
39 19 2325.0
39 20 3027.0
39 21 3738.0
39 22 7807.0
39 23 2260.0
39 24 2352.0
39 25 6607.0
39 26 2279.0
39 27 3698.0
39 28 3136.0
39 29 2909.0
39 30 3005.0
39 31 3163.0
39 32 3389.0
39 33 2905.0
39 34 3162.0
39 35 4168.0
39 36 2774.0
39 37 2769.0
39 38 5249.0
39 40 6413.0
39 41 4201.0
39 42 4684.0
39 43 3843.0
39 44 3402.0
39 45 4656.0
39 46 4516.0
39 47 4073.0
39 48 5591.0
40 0 4694.0
40 1 1381.0
40 2 2861.0
40 3 977.0
40 4 783.0
40 5 6495.0
40 6 1565.0
40 7 1650.0
40 8 6192.0
40 9 3105.0
40 10 3555.0
40 11 1070.0
40 12 4098.0
40 13 3591.0
40 14 8904.0
40 15 6380.0
40 16 2334.0
40 17 2905.0
40 18 3447.0
40 19 4234.0
40 20 3492.0
40 21 2855.0
40 22 1995.0
40 23 4886.0
40 24 4514.0
40 25 1311.0
40 26 4352.0
40 27 2855.0
40 28 3569.0
40 29 3480.0
40 30 3527.0
40 31 3333.0
40 32 3268.0
40 33 3717.0
40 34 3465.0
40 35 3649.0
40 36 3678.0
40 37 3864.0
40 38 1591.0
40 39 6421.0
40 41 4040.0
40 42 4831.0
40 43 2785.0
40 44 6984.0
40 45 2168.0
40 46 4033.0
40 47 2536.0
40 48 6559.0
41 0 2379.0
41 1 4215.0
41 2 2457.0
41 3 3824.0
41 4 4021.0
41 5 4866.0
41 6 2566.0
41 7 2448.0
41 8 9582.0
41 9 1073.0
41 10 2425.0
41 11 3457.0
41 12 2378.0
41 13 2535.0
41 14 11412.0
41 15 6350.0
41 16 2253.0
41 17 2512.0
41 18 2458.0
41 19 2578.0
41 20 2869.0
41 21 2567.0
41 22 4943.0
41 23 2432.0
41 24 3631.0
41 25 3781.0
41 26 3152.0
41 27 2477.0
41 28 2130.0
41 29 2739.0
41 30 2356.0
41 31 2841.0
41 32 2357.0
41 33 3027.0
41 34 2554.0
41 35 4002.0
41 36 2722.0
41 37 2582.0
41 38 2673.0
41 39 4208.0
41 40 4066.0
41 42 1147.0
41 43 2518.0
41 44 6200.0
41 45 2483.0
41 46 647.0
41 47 3053.0
41 48 2865.0
42 0 2995.0
42 1 4773.0
42 2 3542.0
42 3 4382.0
42 4 4723.0
42 5 5320.0
42 6 3553.0
42 7 3573.0
42 8 10139.0
42 9 2157.0
42 10 3510.0
42 11 4224.0
42 12 3416.0
42 13 3620.0
42 14 11509.0
42 15 7367.0
42 16 3338.0
42 17 3596.0
42 18 3542.0
42 19 3347.0
42 20 3954.0
42 21 3652.0
42 22 5501.0
42 23 2886.0
42 24 4542.0
42 25 4339.0
42 26 3787.0
42 27 3562.0
42 28 3214.0
42 29 3824.0
42 30 3441.0
42 31 3926.0
42 32 3441.0
42 33 4112.0
42 34 3639.0
42 35 5086.0
42 36 3807.0
42 37 3666.0
42 38 3798.0
42 39 4662.0
42 40 4803.0
42 41 1117.0
42 43 3603.0
42 44 7152.0
42 45 3567.0
42 46 1612.0
42 47 4137.0
42 48 1892.0
43 0 2115.0
43 1 3507.0
43 2 186.0
43 3 3103.0
43 4 3059.0
43 5 3943.0
43 6 1672.0
43 7 1486.0
43 8 8791.0
43 9 1601.0
43 10 822.0
43 11 2086.0
43 12 1365.0
43 13 886.0
43 14 11086.0
43 15 4302.0
43 16 844.0
43 17 137.0
43 18 714.0
43 19 1502.0
43 20 940.0
43 21 150.0
43 22 4266.0
43 23 2154.0
43 24 1962.0
43 25 3061.0
43 26 1785.0
43 27 95.0
43 28 896.0
43 29 928.0
43 30 795.0
43 31 781.0
43 32 538.0
43 33 1169.0
43 34 815.0
43 35 1593.0
43 36 1162.0
43 37 1131.0
43 38 1577.0
43 39 3869.0
43 40 2803.0
43 41 2504.0
43 42 3615.0
43 44 4532.0
43 45 985.0
43 46 2497.0
43 47 556.0
43 48 5332.0
44 0 4628.0
44 1 7962.0
44 2 4633.0
44 3 7558.0
44 4 7425.0
44 5 2621.0
44 6 6209.0
44 7 6023.0
44 8 12685.0
44 9 5818.0
44 10 3936.0
44 11 6462.0
44 12 3917.0
44 13 3909.0
44 14 15695.0
44 15 2313.0
44 16 5381.0
44 17 4556.0
44 18 4034.0
44 19 3943.0
44 20 3791.0
44 21 4516.0
44 22 8676.0
44 23 4286.0
44 24 2813.0
44 25 7598.0
44 26 3564.0
44 27 4591.0
44 28 4175.0
44 29 3687.0
44 30 3994.0
44 31 3927.0
44 32 4343.0
44 33 3560.0
44 34 3940.0
44 35 4140.0
44 36 3585.0
44 37 3665.0
44 38 6027.0
44 39 3463.0
44 40 7083.0
44 41 6280.0
44 42 7271.0
44 43 4621.0
44 45 5434.0
44 46 6289.0
44 47 4642.0
44 48 8285.0
45 0 2788.0
45 1 2700.0
45 2 1025.0
45 3 2296.0
45 4 2252.0
45 5 4757.0
45 6 902.0
45 7 716.0
45 8 7984.0
45 9 1541.0
45 10 1719.0
45 11 1571.0
45 12 2263.0
45 13 1783.0
45 14 10316.0
45 15 5103.0
45 16 341.0
45 17 1062.0
45 18 1612.0
45 19 2399.0
45 20 1754.0
45 21 1078.0
45 22 3459.0
45 23 2981.0
45 24 2776.0
45 25 2291.0
45 26 2614.0
45 27 1023.0
45 28 1713.0
45 29 1742.0
45 30 1712.0
45 31 1595.0
45 32 1435.0
45 33 1983.0
45 34 1727.0
45 35 2284.0
45 36 1940.0
45 37 2029.0
45 38 667.0
45 39 4683.0
45 40 2182.0
45 41 2475.0
45 42 3586.0
45 43 984.0
45 44 5346.0
45 46 2469.0
45 47 1059.0
45 48 5304.0
46 0 2622.0
46 1 4216.0
46 2 2492.0
46 3 3826.0
46 4 4056.0
46 5 5215.0
46 6 2601.0
46 7 2483.0
46 8 9583.0
46 9 1107.0
46 10 2460.0
46 11 3491.0
46 12 2412.0
46 13 2570.0
46 14 11488.0
46 15 6385.0
46 16 2287.0
46 17 2546.0
46 18 2492.0
46 19 2613.0
46 20 2904.0
46 21 2601.0
46 22 4945.0
46 23 2759.0
46 24 3665.0
46 25 3783.0
46 26 3187.0
46 27 2512.0
46 28 2164.0
46 29 2774.0
46 30 2390.0
46 31 2876.0
46 32 2391.0
46 33 3062.0
46 34 2589.0
46 35 4036.0
46 36 2757.0
46 37 2616.0
46 38 2708.0
46 39 4557.0
46 40 4100.0
46 41 673.0
46 42 1680.0
46 43 2552.0
46 44 6235.0
46 45 2517.0
46 47 3087.0
46 48 3397.0
47 0 2675.0
47 1 3430.0
47 2 736.0
47 3 3025.0
47 4 2892.0
47 5 4168.0
47 6 1821.0
47 7 1635.0
47 8 8668.0
47 9 2107.0
47 10 1375.0
47 11 1930.0
47 12 1918.0
47 13 1264.0
47 14 11162.0
47 15 4058.0
47 16 1213.0
47 17 670.0
47 18 1200.0
47 19 2055.0
47 20 1166.0
47 21 620.0
47 22 4143.0
47 23 2707.0
47 24 2188.0
47 25 3210.0
47 26 2025.0
47 27 645.0
47 28 1446.0
47 29 1154.0
47 30 1366.0
47 31 1007.0
47 32 1087.0
47 33 1289.0
47 34 1139.0
47 35 1264.0
47 36 1352.0
47 37 1605.0
47 38 1525.0
47 39 4095.0
47 40 2550.0
47 41 3041.0
47 42 4152.0
47 43 550.0
47 44 4555.0
47 45 1053.0
47 46 3035.0
47 48 5870.0
48 0 4062.0
48 1 6366.0
48 2 5017.0
48 3 5976.0
48 4 6318.0
48 5 6222.0
48 6 5295.0
48 7 5315.0
48 8 11733.0
48 9 3885.0
48 10 4837.0
48 11 5966.0
48 12 4484.0
48 13 4947.0
48 14 12014.0
48 15 8434.0
48 16 5065.0
48 17 5071.0
48 18 4870.0
48 19 4414.0
48 20 5281.0
48 21 5126.0
48 22 6855.0
48 23 3901.0
48 24 5609.0
48 25 5933.0
48 26 4844.0
48 27 5037.0
48 28 4542.0
48 29 5151.0
48 30 4768.0
48 31 5289.0
48 32 4805.0
48 33 5518.0
48 34 4966.0
48 35 6450.0
48 36 5124.0
48 37 4876.0
48 38 5540.0
48 39 5564.0
48 40 6545.0
48 41 2825.0
48 42 1895.0
48 43 5077.0
48 44 8184.0
48 45 5295.0
48 46 3340.0
48 47 5633.0
