0 1 1251.0
0 2 710.0
0 3 1186.0
0 4 1266.0
0 5 871.0
0 6 853.0
0 7 924.0
0 8 1893.0
0 9 607.0
0 10 421.0
0 11 1061.0
0 12 252.0
0 13 457.0
0 14 2113.0
0 15 1078.0
0 16 798.0
0 17 718.0
0 18 707.0
0 19 433.0
0 20 637.0
0 21 694.0
0 22 1424.0
0 23 206.0
0 24 550.0
0 25 1073.0
0 26 443.0
0 27 705.0
0 28 442.0
0 29 713.0
0 30 452.0
0 31 734.0
0 32 731.0
0 33 626.0
0 34 641.0
0 35 987.0
0 36 542.0
0 37 385.0
0 38 913.0
0 39 904.0
0 40 1187.0
0 41 529.0
0 42 689.0
0 43 728.0
0 44 954.0
0 45 867.0
0 46 445.0
0 47 812.0
0 48 864.0
1 0 1268.0
1 2 762.0
1 3 548.0
1 4 391.0
1 5 1593.0
1 6 444.0
1 7 462.0
1 8 685.0
1 9 844.0
1 10 1098.0
1 11 561.0
1 12 1146.0
1 13 1134.0
1 14 1137.0
1 15 1510.0
1 16 610.0
1 17 770.0
1 18 972.0
1 19 1259.0
1 20 952.0
1 21 781.0
1 22 216.0
1 23 1233.0
1 24 1171.0
1 25 378.0
1 26 1169.0
1 27 758.0
1 28 1019.0
1 29 878.0
1 30 1029.0
1 31 1010.0
1 32 886.0
1 33 1146.0
1 34 906.0
1 35 1165.0
1 36 982.0
1 37 1043.0
1 38 588.0
1 39 1626.0
1 40 550.0
1 41 927.0
1 42 897.0
1 43 781.0
1 44 1581.0
1 45 570.0
1 46 882.0
1 47 944.0
1 48 1152.0
2 0 560.0
2 1 738.0
2 3 673.0
2 4 753.0
2 5 953.0
2 6 495.0
2 7 566.0
2 8 1380.0
2 9 495.0
2 10 360.0
2 11 548.0
2 12 471.0
2 13 397.0
2 14 1832.0
2 15 998.0
2 16 430.0
2 17 21.0
2 18 332.0
2 19 580.0
2 20 312.0
2 21 35.0
2 22 911.0
2 23 525.0
2 24 531.0
2 25 782.0
2 26 490.0
2 27 239.0
2 28 270.0
2 29 238.0
2 30 279.0
2 31 370.0
2 32 136.0
2 33 506.0
2 34 266.0
2 35 645.0
2 36 341.0
2 37 293.0
2 38 400.0
2 39 985.0
2 40 674.0
2 41 710.0
2 42 899.0
2 43 262.0
2 44 941.0
2 45 332.0
2 46 563.0
2 47 295.0
2 48 1132.0
3 0 1303.0
3 1 64.0
3 2 797.0
3 4 80.0
3 5 1628.0
3 6 479.0
3 7 498.0
3 8 720.0
3 9 880.0
3 10 1133.0
3 11 596.0
3 12 1181.0
3 13 1170.0
3 14 1172.0
3 15 1545.0
3 16 646.0
3 17 806.0
3 18 1008.0
3 19 1295.0
3 20 987.0
3 21 817.0
3 22 252.0
3 23 1268.0
3 24 1206.0
3 25 414.0
3 26 1205.0
3 27 793.0
3 28 1055.0
3 29 913.0
3 30 1065.0
3 31 1045.0
3 32 922.0
3 33 1181.0
3 34 942.0
3 35 1201.0
3 36 1017.0
3 37 1078.0
3 38 623.0
3 39 1661.0
3 40 585.0
3 41 963.0
3 42 933.0
3 43 816.0
3 44 1617.0
3 45 605.0
3 46 918.0
3 47 979.0
3 48 1188.0
4 0 1330.0
4 1 91.0
4 2 824.0
4 3 611.0
4 5 1655.0
4 6 506.0
4 7 524.0
4 8 747.0
4 9 906.0
4 10 1160.0
4 11 623.0
4 12 1208.0
4 13 1196.0
4 14 1199.0
4 15 1572.0
4 16 672.0
4 17 833.0
4 18 1034.0
4 19 1321.0
4 20 1014.0
4 21 843.0
4 22 278.0
4 23 1295.0
4 24 1233.0
4 25 441.0
4 26 1232.0
4 27 820.0
4 28 1082.0
4 29 940.0
4 30 1091.0
4 31 1072.0
4 32 948.0
4 33 1208.0
4 34 968.0
4 35 1227.0
4 36 1044.0
4 37 1105.0
4 38 650.0
4 39 1688.0
4 40 612.0
4 41 989.0
4 42 959.0
4 43 843.0
4 44 1644.0
4 45 632.0
4 46 944.0
4 47 1006.0
4 48 1215.0
5 0 705.0
5 1 1290.0
5 2 977.0
5 3 1225.0
5 4 1305.0
5 6 1047.0
5 7 1118.0
5 8 1932.0
5 9 968.0
5 10 741.0
5 11 1100.0
5 12 656.0
5 13 777.0
5 14 2384.0
5 15 936.0
5 16 982.0
5 17 754.0
5 18 791.0
5 19 580.0
5 20 646.0
5 21 711.0
5 22 1464.0
5 23 588.0
5 24 579.0
5 25 1334.0
5 26 528.0
5 27 972.0
5 28 754.0
5 29 730.0
5 30 764.0
5 31 752.0
5 32 870.0
5 33 709.0
5 34 725.0
5 35 1039.0
5 36 625.0
5 37 789.0
5 38 952.0
5 39 87.0
5 40 1227.0
5 41 868.0
5 42 1028.0
5 43 995.0
5 44 689.0
5 45 884.0
5 46 823.0
5 47 829.0
5 48 1196.0
6 0 866.0
6 1 534.0
6 2 371.0
6 3 469.0
6 4 549.0
6 5 1202.0
6 7 71.0
6 8 1174.0
6 9 443.0
6 10 706.0
6 11 344.0
6 12 755.0
6 13 743.0
6 14 1525.0
6 15 1118.0
6 16 219.0
6 17 379.0
6 18 581.0
6 19 868.0
6 20 561.0
6 21 390.0
6 22 705.0
6 23 831.0
6 24 779.0
6 25 369.0
6 26 778.0
6 27 366.0
6 28 628.0
6 29 486.0
6 30 638.0
6 31 619.0
6 32 495.0
6 33 754.0
6 34 515.0
6 35 774.0
6 36 590.0
6 37 651.0
6 38 196.0
6 39 1234.0
6 40 470.0
6 41 599.0
6 42 569.0
6 43 389.0
6 44 1190.0
6 45 178.0
6 46 554.0
6 47 553.0
6 48 939.0
7 0 806.0
7 1 463.0
7 2 300.0
7 3 398.0
7 4 478.0
7 5 1131.0
7 6 109.0
7 8 1106.0
7 9 382.0
7 10 636.0
7 11 273.0
7 12 684.0
7 13 672.0
7 14 1573.0
7 15 1047.0
7 16 148.0
7 17 308.0
7 18 510.0
7 19 797.0
7 20 490.0
7 21 319.0
7 22 637.0
7 23 770.0
7 24 709.0
7 25 417.0
7 26 707.0
7 27 296.0
7 28 557.0
7 29 416.0
7 30 567.0
7 31 548.0
7 32 424.0
7 33 684.0
7 34 444.0
7 35 703.0
7 36 520.0
7 37 581.0
7 38 126.0
7 39 1163.0
7 40 400.0
7 41 594.0
7 42 564.0
7 43 319.0
7 44 1119.0
7 45 108.0
7 46 539.0
7 47 482.0
7 48 934.0
8 0 1810.0
8 1 919.0
8 2 1304.0
8 3 1091.0
8 4 934.0
8 5 2135.0
8 6 986.0
8 7 1004.0
8 9 1387.0
8 10 1640.0
8 11 1103.0
8 12 1688.0
8 13 1677.0
8 14 1250.0
8 15 1852.0
8 16 1152.0
8 17 1313.0
8 18 1514.0
8 19 1802.0
8 20 1494.0
8 21 1324.0
8 22 766.0
8 23 1775.0
8 24 1713.0
8 25 921.0
8 26 1712.0
8 27 1300.0
8 28 1562.0
8 29 1420.0
8 30 1572.0
8 31 1552.0
8 32 1429.0
8 33 1688.0
8 34 1449.0
8 35 1570.0
8 36 1524.0
8 37 1585.0
8 38 1130.0
8 39 2168.0
8 40 1092.0
8 41 1470.0
8 42 1439.0
8 43 1323.0
8 44 2124.0
8 45 1112.0
8 46 1425.0
8 47 1486.0
8 48 1695.0
9 0 599.0
9 1 774.0
9 2 439.0
9 3 815.0
9 4 789.0
9 5 1191.0
9 6 476.0
9 7 546.0
9 8 1412.0
9 10 507.0
9 11 689.0
9 12 510.0
9 13 543.0
9 14 1662.0
9 15 1284.0
9 16 492.0
9 17 448.0
9 18 759.0
9 19 754.0
9 20 739.0
9 21 463.0
9 22 943.0
9 23 564.0
9 24 756.0
9 25 618.0
9 26 665.0
9 27 435.0
9 28 528.0
9 29 665.0
9 30 538.0
9 31 810.0
9 32 566.0
9 33 719.0
9 34 693.0
9 35 1012.0
9 36 748.0
9 37 467.0
9 38 587.0
9 39 1223.0
9 40 817.0
9 41 362.0
9 42 551.0
9 43 458.0
9 44 1160.0
9 45 569.0
9 46 214.0
9 47 662.0
9 48 862.0
10 0 563.0
10 1 1121.0
10 2 448.0
10 3 1056.0
10 4 1136.0
10 5 1079.0
10 6 723.0
10 7 794.0
10 8 1763.0
10 9 562.0
10 11 931.0
10 12 473.0
10 13 33.0
10 14 2009.0
10 15 1113.0
10 16 628.0
10 17 457.0
10 18 619.0
10 19 583.0
10 20 599.0
10 21 472.0
10 22 1294.0
10 23 528.0
10 24 585.0
10 25 1031.0
10 26 493.0
10 27 444.0
10 28 272.0
10 29 524.0
10 30 282.0
10 31 627.0
10 32 383.0
10 33 548.0
10 34 553.0
10 35 908.0
10 36 576.0
10 37 295.0
10 38 783.0
10 39 1111.0
10 40 1058.0
10 41 728.0
10 42 917.0
10 43 467.0
10 44 989.0
10 45 751.0
10 46 580.0
10 47 671.0
10 48 1149.0
11 0 1113.0
11 1 476.0
11 2 664.0
11 3 411.0
11 4 491.0
11 5 1387.0
11 6 366.0
11 7 385.0
11 8 1118.0
11 9 711.0
11 10 892.0
11 12 940.0
11 13 928.0
11 14 1570.0
11 15 1036.0
11 16 485.0
11 17 618.0
11 18 766.0
11 19 1054.0
11 20 746.0
11 21 576.0
11 22 649.0
11 23 1078.0
11 24 965.0
11 25 539.0
11 26 964.0
11 27 659.0
11 28 867.0
11 29 672.0
11 30 877.0
11 31 804.0
11 32 734.0
11 33 940.0
11 34 700.0
11 35 710.0
11 36 776.0
11 37 891.0
11 38 338.0
11 39 1420.0
11 40 360.0
11 41 804.0
11 42 774.0
11 43 682.0
11 44 1314.0
11 45 444.0
11 46 759.0
11 47 569.0
11 48 1144.0
12 0 216.0
12 1 1147.0
12 2 601.0
12 3 1083.0
12 4 1162.0
12 5 807.0
12 6 748.0
12 7 818.0
12 8 1790.0
12 9 501.0
12 10 212.0
12 11 958.0
12 13 248.0
12 14 2007.0
12 15 953.0
12 16 693.0
12 17 609.0
12 18 582.0
12 19 369.0
12 20 512.0
12 21 569.0
12 22 1321.0
12 23 181.0
12 24 425.0
12 25 991.0
12 26 333.0
12 27 597.0
12 28 233.0
12 29 588.0
12 30 243.0
12 31 609.0
12 32 522.0
12 33 429.0
12 34 516.0
12 35 789.0
12 36 416.0
12 37 176.0
12 38 810.0
12 39 839.0
12 40 1084.0
12 41 553.0
12 42 713.0
12 43 620.0
12 44 829.0
12 45 741.0
12 46 469.0
12 47 686.0
12 48 887.0
13 0 530.0
13 1 1087.0
13 2 415.0
13 3 1023.0
13 4 1103.0
13 5 1045.0
13 6 690.0
13 7 761.0
13 8 1730.0
13 9 529.0
13 10 330.0
13 11 898.0
13 12 440.0
13 14 1976.0
13 15 1079.0
13 16 594.0
13 17 423.0
13 18 585.0
13 19 550.0
13 20 565.0
13 21 438.0
13 22 1261.0
13 23 494.0
13 24 551.0
13 25 997.0
13 26 460.0
13 27 411.0
13 28 239.0
13 29 491.0
13 30 249.0
13 31 594.0
13 32 350.0
13 33 515.0
13 34 519.0
13 35 875.0
13 36 543.0
13 37 262.0
13 38 750.0
13 39 1078.0
13 40 1024.0
13 41 694.0
13 42 883.0
13 43 434.0
13 44 956.0
13 45 718.0
13 46 547.0
13 47 638.0
13 48 1116.0
14 0 1975.0
14 1 1357.0
14 2 1729.0
14 3 1529.0
14 4 1372.0
14 5 2396.0
14 6 1424.0
14 7 1442.0
14 8 1191.0
14 9 1572.0
14 10 1906.0
14 11 1541.0
14 12 1951.0
14 13 1943.0
14 15 2438.0
14 16 1590.0
14 17 1737.0
14 18 1952.0
14 19 2112.0
14 20 1932.0
14 21 1762.0
14 22 1145.0
14 23 1887.0
14 24 2151.0
14 25 1359.0
14 26 2064.0
14 27 1725.0
14 28 1927.0
14 29 1858.0
14 30 1937.0
14 31 1990.0
14 32 1853.0
14 33 2126.0
14 34 1887.0
14 35 2112.0
14 36 1962.0
14 37 1867.0
14 38 1568.0
14 39 2429.0
14 40 1530.0
14 41 1607.0
14 42 1576.0
14 43 1748.0
14 44 2562.0
14 45 1550.0
14 46 1562.0
14 47 1924.0
14 48 1876.0
15 0 1103.0
15 1 1405.0
15 2 1228.0
15 3 1341.0
15 4 1420.0
15 5 889.0
15 6 1206.0
15 7 1277.0
15 8 1696.0
15 9 1344.0
15 10 926.0
15 11 1155.0
15 12 888.0
15 13 963.0
15 14 2420.0
15 16 1234.0
15 17 1006.0
15 18 976.0
15 19 1088.0
15 20 906.0
15 21 963.0
15 22 1579.0
15 23 1068.0
15 24 714.0
15 25 1469.0
15 26 998.0
15 27 1224.0
15 28 940.0
15 29 982.0
15 30 950.0
15 31 940.0
15 32 1122.0
15 33 811.0
15 34 910.0
15 35 685.0
15 36 810.0
15 37 964.0
15 38 1106.0
15 39 977.0
15 40 1283.0
15 41 1490.0
15 42 1543.0
15 43 1247.0
15 44 527.0
15 45 1136.0
15 46 1342.0
15 47 1081.0
15 48 1775.0
16 0 739.0
16 1 711.0
16 2 191.0
16 3 646.0
16 4 726.0
16 5 1132.0
16 6 376.0
16 7 447.0
16 8 1353.0
16 9 329.0
16 10 539.0
16 11 521.0
16 12 649.0
16 13 576.0
16 14 1720.0
16 15 1156.0
16 17 199.0
16 18 511.0
16 19 759.0
16 20 491.0
16 21 214.0
16 22 885.0
16 23 704.0
16 24 709.0
16 25 683.0
16 26 669.0
16 27 187.0
16 28 448.0
16 29 416.0
16 30 458.0
16 31 549.0
16 32 315.0
16 33 684.0
16 34 445.0
16 35 688.0
16 36 520.0
16 37 472.0
16 38 373.0
16 39 1164.0
16 40 648.0
16 41 633.0
16 42 784.0
16 43 210.0
16 44 1120.0
16 45 305.0
16 46 486.0
16 47 414.0
16 48 1123.0
17 0 658.0
17 1 717.0
17 2 460.0
17 3 653.0
17 4 732.0
17 5 932.0
17 6 474.0
17 7 545.0
17 8 1360.0
17 9 645.0
17 10 437.0
17 11 528.0
17 12 485.0
17 13 473.0
17 14 1811.0
17 15 977.0
17 16 409.0
17 18 311.0
17 19 599.0
17 20 291.0
17 21 15.0
17 22 891.0
17 23 623.0
17 24 510.0
17 25 762.0
17 26 509.0
17 27 456.0
17 28 450.0
17 29 217.0
17 30 460.0
17 31 349.0
17 32 353.0
17 33 485.0
17 34 246.0
17 35 624.0
17 36 321.0
17 37 454.0
17 38 380.0
17 39 965.0
17 40 654.0
17 41 817.0
17 42 929.0
17 43 479.0
17 44 921.0
17 45 311.0
17 46 669.0
17 47 275.0
17 48 1239.0
18 0 463.0
18 1 1099.0
18 2 427.0
18 3 1035.0
18 4 1114.0
18 5 979.0
18 6 702.0
18 7 772.0
18 8 1742.0
18 9 577.0
18 10 263.0
18 11 910.0
18 12 373.0
18 13 300.0
18 14 1987.0
18 15 1013.0
18 16 606.0
18 17 435.0
18 19 483.0
18 20 555.0
18 21 450.0
18 22 1273.0
18 23 428.0
18 24 485.0
18 25 1009.0
18 26 393.0
18 27 423.0
18 28 172.0
18 29 503.0
18 30 182.0
18 31 605.0
18 32 362.0
18 33 448.0
18 34 576.0
18 35 809.0
18 36 476.0
18 37 196.0
18 38 762.0
18 39 1011.0
18 40 1036.0
18 41 722.0
18 42 911.0
18 43 446.0
18 44 889.0
18 45 729.0
18 46 575.0
18 47 649.0
18 48 1109.0
19 0 397.0
19 1 1097.0
19 2 784.0
19 3 1033.0
19 4 1112.0
19 5 808.0
19 6 855.0
19 7 925.0
19 8 1740.0
19 9 748.0
19 10 458.0
19 11 908.0
19 12 289.0
19 13 495.0
19 14 2192.0
19 15 903.0
19 16 789.0
19 17 562.0
19 18 532.0
19 20 462.0
19 21 519.0
19 22 1271.0
19 23 365.0
19 24 375.0
19 25 1142.0
19 26 227.0
19 27 780.0
19 28 479.0
19 29 538.0
19 30 489.0
19 31 559.0
19 32 677.0
19 33 451.0
19 34 466.0
19 35 811.0
19 36 366.0
19 37 423.0
19 38 760.0
19 39 840.0
19 40 1034.0
19 41 717.0
19 42 877.0
19 43 803.0
19 44 779.0
19 45 691.0
19 46 672.0
19 47 636.0
19 48 1045.0
20 0 634.0
20 1 842.0
20 2 528.0
20 3 777.0
20 4 857.0
20 5 864.0
20 6 599.0
20 7 669.0
20 8 1484.0
20 9 705.0
20 10 370.0
20 11 652.0
20 12 418.0
20 13 406.0
20 14 1936.0
20 15 909.0
20 16 534.0
20 17 306.0
20 18 268.0
20 19 531.0
20 21 263.0
20 22 1015.0
20 23 599.0
20 24 442.0
20 25 886.0
20 26 441.0
20 27 524.0
20 28 383.0
20 29 148.0
20 30 393.0
20 31 303.0
20 32 422.0
20 33 311.0
20 34 202.0
20 35 593.0
20 36 254.0
20 37 407.0
20 38 504.0
20 39 896.0
20 40 778.0
20 41 870.0
20 42 1059.0
20 43 547.0
20 44 852.0
20 45 436.0
20 46 723.0
20 47 381.0
20 48 1292.0
21 0 582.0
21 1 704.0
21 2 265.0
21 3 640.0
21 4 719.0
21 5 920.0
21 6 462.0
21 7 532.0
21 8 1347.0
21 9 517.0
21 10 424.0
21 11 515.0
21 12 473.0
21 13 461.0
21 14 1799.0
21 15 965.0
21 16 396.0
21 17 43.0
21 18 299.0
21 19 586.0
21 20 279.0
21 22 878.0
21 23 547.0
21 24 497.0
21 25 749.0
21 26 496.0
21 27 261.0
21 28 292.0
21 29 204.0
21 30 302.0
21 31 336.0
21 32 159.0
21 33 472.0
21 34 233.0
21 35 593.0
21 36 308.0
21 37 315.0
21 38 367.0
21 39 952.0
21 40 641.0
21 41 732.0
21 42 916.0
21 43 284.0
21 44 908.0
21 45 298.0
21 46 585.0
21 47 243.0
21 48 1154.0
22 0 1276.0
22 1 385.0
22 2 770.0
22 3 557.0
22 4 400.0
22 5 1602.0
22 6 452.0
22 7 471.0
22 8 742.0
22 9 853.0
22 10 1106.0
22 11 569.0
22 12 1155.0
22 13 1143.0
22 14 1194.0
22 15 1518.0
22 16 619.0
22 17 779.0
22 18 981.0
22 19 1268.0
22 20 961.0
22 21 790.0
22 23 1241.0
22 24 1179.0
22 25 387.0
22 26 1178.0
22 27 766.0
22 28 1028.0
22 29 886.0
22 30 1038.0
22 31 1018.0
22 32 895.0
22 33 1154.0
22 34 915.0
22 35 1174.0
22 36 990.0
22 37 1051.0
22 38 596.0
22 39 1634.0
22 40 558.0
22 41 936.0
22 42 906.0
22 43 789.0
22 44 1590.0
22 45 578.0
22 46 891.0
22 47 953.0
22 48 1161.0
23 0 216.0
23 1 1221.0
23 2 706.0
23 3 1157.0
23 4 1237.0
23 5 746.0
23 6 849.0
23 7 920.0
23 8 1864.0
23 9 603.0
23 10 394.0
23 11 1032.0
23 12 225.0
23 13 430.0
23 14 2109.0
23 15 1027.0
23 16 795.0
23 17 686.0
23 18 656.0
23 19 308.0
23 20 586.0
23 21 643.0
23 22 1395.0
23 24 499.0
23 25 1069.0
23 26 318.0
23 27 702.0
23 28 415.0
23 29 662.0
23 30 425.0
23 31 683.0
23 32 704.0
23 33 575.0
23 34 590.0
23 35 935.0
23 36 490.0
23 37 358.0
23 38 884.0
23 39 779.0
23 40 1158.0
23 41 525.0
23 42 686.0
23 43 725.0
23 44 903.0
23 45 815.0
23 46 442.0
23 47 761.0
23 48 860.0
24 0 568.0
24 1 1007.0
24 2 694.0
24 3 943.0
24 4 1022.0
24 5 804.0
24 6 765.0
24 7 835.0
24 8 1650.0
24 9 810.0
24 10 392.0
24 11 818.0
24 12 353.0
24 13 429.0
24 14 2102.0
24 15 813.0
24 16 699.0
24 17 471.0
24 18 442.0
24 19 429.0
24 20 372.0
24 21 429.0
24 22 1181.0
24 23 533.0
24 25 1052.0
24 26 377.0
24 27 690.0
24 28 405.0
24 29 448.0
24 30 415.0
24 31 469.0
24 32 587.0
24 33 361.0
24 34 376.0
24 35 721.0
24 36 276.0
24 37 429.0
24 38 670.0
24 39 836.0
24 40 944.0
24 41 955.0
24 42 1144.0
24 43 713.0
24 44 694.0
24 45 601.0
24 46 808.0
24 47 546.0
24 48 1240.0
25 0 1090.0
25 1 199.0
25 2 585.0
25 3 371.0
25 4 214.0
25 5 1416.0
25 6 267.0
25 7 285.0
25 8 837.0
25 9 667.0
25 10 920.0
25 11 384.0
25 12 969.0
25 13 957.0
25 14 1294.0
25 15 1332.0
25 16 433.0
25 17 593.0
25 18 795.0
25 19 1082.0
25 20 775.0
25 21 604.0
25 22 369.0
25 23 1055.0
25 24 994.0
25 26 992.0
25 27 581.0
25 28 842.0
25 29 700.0
25 30 852.0
25 31 833.0
25 32 709.0
25 33 969.0
25 34 729.0
25 35 988.0
25 36 804.0
25 37 865.0
25 38 410.0
25 39 1448.0
25 40 372.0
25 41 744.0
25 42 714.0
25 43 604.0
25 44 1404.0
25 45 392.0
25 46 699.0
25 47 767.0
25 48 969.0
26 0 529.0
26 1 1015.0
26 2 702.0
26 3 951.0
26 4 1031.0
26 5 787.0
26 6 773.0
26 7 843.0
26 8 1658.0
26 9 818.0
26 10 400.0
26 11 826.0
26 12 361.0
26 13 437.0
26 14 2110.0
26 15 821.0
26 16 708.0
26 17 480.0
26 18 450.0
26 19 304.0
26 20 380.0
26 21 437.0
26 22 1189.0
26 23 497.0
26 24 293.0
26 25 1060.0
26 27 698.0
26 28 414.0
26 29 456.0
26 30 424.0
26 31 477.0
26 32 596.0
26 33 369.0
26 34 384.0
26 35 729.0
26 36 284.0
26 37 438.0
26 38 678.0
26 39 819.0
26 40 952.0
26 41 849.0
26 42 1009.0
26 43 721.0
26 44 697.0
26 45 610.0
26 46 816.0
26 47 555.0
26 48 1176.0
27 0 552.0
27 1 730.0
27 2 235.0
27 3 665.0
27 4 745.0
27 5 945.0
27 6 487.0
27 7 558.0
27 8 1372.0
27 9 487.0
27 10 352.0
27 11 540.0
27 12 462.0
27 13 389.0
27 14 1824.0
27 15 990.0
27 16 422.0
27 17 12.0
27 18 324.0
27 19 572.0
27 20 304.0
27 21 27.0
27 22 903.0
27 23 517.0
27 24 523.0
27 25 774.0
27 26 482.0
27 28 261.0
27 29 230.0
27 30 271.0
27 31 362.0
27 32 128.0
27 33 498.0
27 34 258.0
27 35 637.0
27 36 333.0
27 37 285.0
27 38 392.0
27 39 977.0
27 40 666.0
27 41 702.0
27 42 891.0
27 43 254.0
27 44 933.0
27 45 324.0
27 46 555.0
27 47 287.0
27 48 1124.0
28 0 418.0
28 1 987.0
28 2 378.0
28 3 923.0
28 4 1003.0
28 5 1009.0
28 6 590.0
28 7 661.0
28 8 1630.0
28 9 429.0
28 10 302.0
28 11 798.0
28 12 329.0
28 13 338.0
28 14 1876.0
28 15 1079.0
28 16 494.0
28 17 386.0
28 18 525.0
28 19 549.0
28 20 505.0
28 21 401.0
28 22 1161.0
28 23 383.0
28 24 551.0
28 25 897.0
28 26 459.0
28 27 374.0
28 29 430.0
28 30 332.0
28 31 533.0
28 32 289.0
28 33 514.0
28 34 459.0
28 35 823.0
28 36 542.0
28 37 262.0
28 38 650.0
28 39 1042.0
28 40 924.0
28 41 594.0
28 42 783.0
28 43 397.0
28 44 955.0
28 45 638.0
28 46 447.0
28 47 600.0
28 48 1002.0
29 0 596.0
29 1 1008.0
29 2 695.0
29 3 944.0
29 4 1023.0
29 5 715.0
29 6 766.0
29 7 836.0
29 8 1651.0
29 9 877.0
29 10 459.0
29 11 819.0
29 12 420.0
29 13 496.0
29 14 2103.0
29 15 849.0
29 16 700.0
29 17 472.0
29 18 509.0
29 19 393.0
29 20 365.0
29 21 430.0
29 22 1182.0
29 23 575.0
29 24 293.0
29 25 1053.0
29 26 340.0
29 27 691.0
29 28 473.0
29 30 483.0
29 31 470.0
29 32 588.0
29 33 428.0
29 34 443.0
29 35 760.0
29 36 343.0
29 37 497.0
29 38 671.0
29 39 748.0
29 40 945.0
29 41 889.0
29 42 1049.0
29 43 714.0
29 44 704.0
29 45 602.0
29 46 875.0
29 47 547.0
29 48 1217.0
30 0 394.0
30 1 1081.0
30 2 471.0
30 3 1017.0
30 4 1096.0
30 5 910.0
30 6 684.0
30 7 754.0
30 8 1724.0
30 9 507.0
30 10 194.0
30 11 892.0
30 12 304.0
30 13 231.0
30 14 1969.0
30 15 944.0
30 16 588.0
30 17 480.0
30 18 573.0
30 19 414.0
30 20 486.0
30 21 495.0
30 22 1255.0
30 23 359.0
30 24 416.0
30 25 991.0
30 26 324.0
30 27 467.0
30 28 103.0
30 29 579.0
30 31 576.0
30 32 392.0
30 33 379.0
30 34 507.0
30 35 740.0
30 36 407.0
30 37 127.0
30 38 744.0
30 39 942.0
30 40 1018.0
30 41 653.0
30 42 842.0
30 43 490.0
30 44 820.0
30 45 732.0
30 46 506.0
30 47 677.0
30 48 1040.0
31 0 694.0
31 1 902.0
31 2 589.0
31 3 837.0
31 4 917.0
31 5 924.0
31 6 659.0
31 7 730.0
31 8 1544.0
31 9 765.0
31 10 430.0
31 11 712.0
31 12 478.0
31 13 466.0
31 14 1996.0
31 15 922.0
31 16 594.0
31 17 366.0
31 18 328.0
31 19 591.0
31 20 166.0
31 21 323.0
31 22 1075.0
31 23 659.0
31 24 502.0
31 25 946.0
31 26 502.0
31 27 584.0
31 28 443.0
31 29 209.0
31 30 453.0
31 32 482.0
31 33 338.0
31 34 262.0
31 35 631.0
31 36 314.0
31 37 467.0
31 38 564.0
31 39 957.0
31 40 839.0
31 41 931.0
31 42 1120.0
31 43 607.0
31 44 912.0
31 45 496.0
31 46 783.0
31 47 441.0
31 48 1352.0
32 0 657.0
32 1 1007.0
32 2 298.0
32 3 942.0
32 4 1022.0
32 5 1089.0
32 6 724.0
32 7 795.0
32 8 1649.0
32 9 550.0
32 10 457.0
32 11 817.0
32 12 567.0
32 13 493.0
32 14 1987.0
32 15 1105.0
32 16 584.0
32 17 306.0
32 18 468.0
32 19 677.0
32 20 448.0
32 21 321.0
32 22 1180.0
32 23 622.0
32 24 667.0
32 25 1051.0
32 26 587.0
32 27 294.0
32 28 366.0
32 29 374.0
32 30 376.0
32 31 476.0
32 33 612.0
32 34 402.0
32 35 766.0
32 36 478.0
32 37 389.0
32 38 669.0
32 39 1122.0
32 40 944.0
32 41 806.0
32 42 996.0
32 43 317.0
32 44 1083.0
32 45 601.0
32 46 659.0
32 47 521.0
32 48 1228.0
33 0 614.0
33 1 972.0
33 2 659.0
33 3 908.0
33 4 988.0
33 5 905.0
33 6 730.0
33 7 800.0
33 8 1615.0
33 9 767.0
33 10 350.0
33 11 783.0
33 12 398.0
33 13 386.0
33 14 2067.0
33 15 762.0
33 16 665.0
33 17 437.0
33 18 426.0
33 19 511.0
33 20 292.0
33 21 394.0
33 22 1146.0
33 23 579.0
33 24 381.0
33 25 1017.0
33 26 421.0
33 27 655.0
33 28 363.0
33 29 414.0
33 30 373.0
33 31 342.0
33 32 553.0
33 34 361.0
33 35 506.0
33 36 234.0
33 37 387.0
33 38 635.0
33 39 993.0
33 40 909.0
33 41 913.0
33 42 1102.0
33 43 678.0
33 44 792.0
33 45 566.0
33 46 766.0
33 47 518.0
33 48 1300.0
34 0 475.0
34 1 880.0
34 2 453.0
34 3 815.0
34 4 895.0
34 5 944.0
34 6 637.0
34 7 708.0
34 8 1522.0
34 9 555.0
34 10 276.0
34 11 690.0
34 12 386.0
34 13 312.0
34 14 1974.0
34 15 1025.0
34 16 572.0
34 17 344.0
34 18 66.0
34 19 496.0
34 20 303.0
34 21 301.0
34 22 1053.0
34 23 440.0
34 24 497.0
34 25 924.0
34 26 406.0
34 27 449.0
34 28 185.0
34 29 229.0
34 30 195.0
34 31 332.0
34 32 312.0
34 33 460.0
34 35 621.0
34 36 333.0
34 37 208.0
34 38 542.0
34 39 977.0
34 40 817.0
34 41 720.0
34 42 909.0
34 43 472.0
34 44 902.0
34 45 474.0
34 46 573.0
34 47 419.0
34 48 1121.0
35 0 840.0
35 1 1015.0
35 2 826.0
35 3 950.0
35 4 1030.0
35 5 1024.0
35 6 816.0
35 7 887.0
35 8 1496.0
35 9 906.0
35 10 576.0
35 11 764.0
35 12 624.0
35 13 612.0
35 14 2117.0
35 15 558.0
35 16 764.0
35 17 536.0
35 18 598.0
35 19 737.0
35 20 437.0
35 21 494.0
35 22 1188.0
35 23 805.0
35 24 527.0
35 25 1078.0
35 26 648.0
35 27 822.0
35 28 589.0
35 29 479.0
35 30 599.0
35 31 400.0
35 32 652.0
35 33 357.0
35 34 533.0
35 36 460.0
35 37 613.0
35 38 716.0
35 39 1112.0
35 40 893.0
35 41 1071.0
35 42 1152.0
35 43 845.0
35 44 836.0
35 45 666.0
35 46 924.0
35 47 445.0
35 48 1493.0
36 0 373.0
36 1 995.0
36 2 497.0
36 3 930.0
36 4 1010.0
36 5 766.0
36 6 710.0
36 7 780.0
36 8 1637.0
36 9 534.0
36 10 116.0
36 11 805.0
36 12 157.0
36 13 153.0
36 14 1996.0
36 15 800.0
36 16 687.0
36 17 459.0
36 18 429.0
36 19 270.0
36 20 343.0
36 21 416.0
36 22 1168.0
36 23 338.0
36 24 272.0
36 25 1039.0
36 26 180.0
36 27 493.0
36 28 129.0
36 29 435.0
36 30 139.0
36 31 433.0
36 32 419.0
36 33 236.0
36 34 363.0
36 35 597.0
36 37 153.0
36 38 657.0
36 39 799.0
36 40 931.0
36 41 679.0
36 42 868.0
36 43 516.0
36 44 676.0
36 45 589.0
36 46 532.0
36 47 534.0
36 48 1044.0
37 0 390.0
37 1 1012.0
37 2 698.0
37 3 947.0
37 4 1027.0
37 5 783.0
37 6 769.0
37 7 840.0
37 8 1654.0
37 9 675.0
37 10 397.0
37 11 822.0
37 12 174.0
37 13 433.0
37 14 2106.0
37 15 817.0
37 16 704.0
37 17 476.0
37 18 446.0
37 19 287.0
37 20 359.0
37 21 433.0
37 22 1185.0
37 23 355.0
37 24 289.0
37 25 1056.0
37 26 198.0
37 27 694.0
37 28 410.0
37 29 452.0
37 30 420.0
37 31 449.0
37 32 592.0
37 33 252.0
37 34 380.0
37 35 613.0
37 36 281.0
37 38 674.0
37 39 816.0
37 40 949.0
37 41 727.0
37 42 887.0
37 43 717.0
37 44 694.0
37 45 606.0
37 46 643.0
37 47 551.0
37 48 1062.0
38 0 888.0
38 1 383.0
38 2 391.0
38 3 319.0
38 4 398.0
38 5 1222.0
38 6 191.0
38 7 260.0
38 8 1026.0
38 9 464.0
38 10 727.0
38 11 193.0
38 12 775.0
38 13 763.0
38 14 1477.0
38 15 1138.0
38 16 239.0
38 17 399.0
38 18 601.0
38 19 888.0
38 20 581.0
38 21 410.0
38 22 557.0
38 23 852.0
38 24 800.0
38 25 427.0
38 26 798.0
38 27 387.0
38 28 648.0
38 29 507.0
38 30 658.0
38 31 639.0
38 32 515.0
38 33 775.0
38 34 535.0
38 35 794.0
38 36 611.0
38 37 672.0
38 39 1254.0
38 40 320.0
38 41 676.0
38 42 646.0
38 43 410.0
38 44 1210.0
38 45 199.0
38 46 621.0
38 47 573.0
38 48 1016.0
39 0 613.0
39 1 1198.0
39 2 885.0
39 3 1134.0
39 4 1213.0
39 5 353.0
39 6 955.0
39 7 1026.0
39 8 1841.0
39 9 877.0
39 10 649.0
39 11 1009.0
39 12 564.0
39 13 686.0
39 14 2293.0
39 15 952.0
39 16 890.0
39 17 662.0
39 18 699.0
39 19 489.0
39 20 555.0
39 21 620.0
39 22 1372.0
39 23 497.0
39 24 487.0
39 25 1243.0
39 26 436.0
39 27 881.0
39 28 663.0
39 29 639.0
39 30 673.0
39 31 660.0
39 32 778.0
39 33 618.0
39 34 633.0
39 35 948.0
39 36 533.0
39 37 698.0
39 38 861.0
39 40 1135.0
39 41 776.0
39 42 937.0
39 43 904.0
39 44 690.0
39 45 792.0
39 46 731.0
39 47 737.0
39 48 1104.0
40 0 1193.0
40 1 328.0
40 2 687.0
40 3 264.0
40 4 343.0
40 5 1518.0
40 6 390.0
40 7 408.0
40 8 971.0
40 9 769.0
40 10 1023.0
40 11 355.0
40 12 1071.0
40 13 1059.0
40 14 1369.0
40 15 1243.0
40 16 535.0
40 17 695.0
40 18 897.0
40 19 1184.0
40 20 877.0
40 21 706.0
40 22 502.0
40 23 1158.0
40 24 1096.0
40 25 392.0
40 26 1094.0
40 27 683.0
40 28 944.0
40 29 803.0
40 30 954.0
40 31 935.0
40 32 811.0
40 33 1071.0
40 34 831.0
40 35 917.0
40 36 907.0
40 37 968.0
40 38 513.0
40 39 1551.0
40 41 910.0
40 42 880.0
40 43 706.0
40 44 1507.0
40 45 495.0
40 46 865.0
40 47 797.0
40 48 1166.0
41 0 556.0
41 1 854.0
41 2 526.0
41 3 895.0
41 4 869.0
41 5 977.0
41 6 556.0
41 7 626.0
41 8 1492.0
41 9 214.0
41 10 500.0
41 11 769.0
41 12 527.0
41 13 537.0
41 14 1773.0
41 15 1278.0
41 16 614.0
41 17 535.0
41 18 846.0
41 19 693.0
41 20 820.0
41 21 549.0
41 22 1023.0
41 23 467.0
41 24 750.0
41 25 698.0
41 26 658.0
41 27 522.0
41 28 521.0
41 29 752.0
41 30 531.0
41 31 897.0
41 32 653.0
41 33 713.0
41 34 780.0
41 35 1074.0
41 36 741.0
41 37 461.0
41 38 667.0
41 39 1009.0
41 40 897.0
41 42 492.0
41 43 545.0
41 44 1154.0
41 45 717.0
41 46 156.0
41 47 749.0
41 48 707.0
42 0 739.0
42 1 1115.0
42 2 907.0
42 3 1093.0
42 4 1130.0
42 5 1155.0
42 6 753.0
42 7 824.0
42 8 1753.0
42 9 630.0
42 10 866.0
42 11 967.0
42 12 748.0
42 13 903.0
42 14 1970.0
42 15 1589.0
42 16 840.0
42 17 915.0
42 18 1218.0
42 19 870.0
42 20 1148.0
42 21 930.0
42 22 1284.0
42 23 645.0
42 24 1061.0
42 25 959.0
42 26 880.0
42 27 903.0
42 28 887.0
42 29 1132.0
42 30 897.0
42 31 1245.0
42 32 1034.0
42 33 1083.0
42 34 1152.0
42 35 1327.0
42 36 1052.0
42 37 831.0
42 38 864.0
42 39 1188.0
42 40 1094.0
42 41 416.0
42 43 926.0
42 44 1465.0
42 45 882.0
42 46 539.0
42 47 1130.0
42 48 486.0
43 0 661.0
43 1 663.0
43 2 389.0
43 3 598.0
43 4 678.0
43 5 936.0
43 6 420.0
43 7 491.0
43 8 1305.0
43 9 590.0
43 10 440.0
43 11 473.0
43 12 489.0
43 13 477.0
43 14 1757.0
43 15 978.0
43 16 355.0
43 17 167.0
43 18 315.0
43 19 602.0
43 20 295.0
43 21 124.0
43 22 836.0
43 23 626.0
43 24 514.0
43 25 707.0
43 26 512.0
43 27 385.0
43 28 416.0
43 29 220.0
43 30 426.0
43 31 353.0
43 32 283.0
43 33 489.0
43 34 249.0
43 35 553.0
43 36 324.0
43 37 439.0
43 38 325.0
43 39 968.0
43 40 599.0
43 41 820.0
43 42 874.0
43 44 924.0
43 45 257.0
43 46 673.0
43 47 204.0
43 48 1242.0
44 0 971.0
44 1 1332.0
44 2 1018.0
44 3 1267.0
44 4 1347.0
44 5 530.0
44 6 1089.0
44 7 1160.0
44 8 1974.0
44 9 1187.0
44 10 770.0
44 11 1142.0
44 12 730.0
44 13 806.0
44 14 2426.0
44 15 604.0
44 16 1024.0
44 17 796.0
44 18 819.0
44 19 767.0
44 20 688.0
44 21 753.0
44 22 1505.0
44 23 950.0
44 24 448.0
44 25 1376.0
44 26 715.0
44 27 1014.0
44 28 783.0
44 29 772.0
44 30 793.0
44 31 773.0
44 32 912.0
44 33 624.0
44 34 753.0
44 35 881.0
44 36 654.0
44 37 807.0
44 38 994.0
44 39 618.0
44 40 1269.0
44 41 1230.0
44 42 1390.0
44 43 1037.0
44 45 926.0
44 46 1186.0
44 47 871.0
44 48 1557.0
45 0 749.0
45 1 618.0
45 2 306.0
45 3 554.0
45 4 633.0
45 5 1023.0
45 6 376.0
45 7 446.0
45 8 1261.0
45 9 429.0
45 10 528.0
45 11 429.0
45 12 576.0
45 13 565.0
45 14 1713.0
45 15 1063.0
45 16 178.0
45 17 254.0
45 18 402.0
45 19 690.0
45 20 382.0
45 21 212.0
45 22 792.0
45 23 714.0
45 24 601.0
45 25 663.0
45 26 600.0
45 27 302.0
45 28 503.0
45 29 308.0
45 30 513.0
45 31 440.0
45 32 370.0
45 33 576.0
45 34 337.0
45 35 596.0
45 36 412.0
45 37 527.0
45 38 281.0
45 39 1056.0
45 40 555.0
45 41 732.0
45 42 830.0
45 43 325.0
45 44 1012.0
45 46 585.0
45 47 374.0
45 48 1200.0
46 0 626.0
46 1 800.0
46 2 674.0
46 3 796.0
46 4 815.0
46 5 1047.0
46 6 456.0
46 7 527.0
46 8 1438.0
46 9 361.0
46 10 648.0
46 11 670.0
46 12 635.0
46 13 684.0
46 14 1674.0
46 15 1425.0
46 16 543.0
46 17 682.0
46 18 988.0
46 19 763.0
46 20 968.0
46 21 697.0
46 22 969.0
46 23 538.0
46 24 897.0
46 25 664.0
46 26 773.0
46 27 669.0
46 28 669.0
46 29 893.0
46 30 679.0
46 31 1025.0
46 32 801.0
46 33 860.0
46 34 922.0
46 35 1030.0
46 36 889.0
46 37 608.0
46 38 567.0
46 39 1080.0
46 40 797.0
46 41 147.0
46 42 337.0
46 43 692.0
46 44 1302.0
46 45 585.0
46 47 896.0
46 48 648.0
47 0 826.0
47 1 747.0
47 2 377.0
47 3 683.0
47 4 763.0
47 5 1100.0
47 6 505.0
47 7 575.0
47 8 1390.0
47 9 675.0
47 10 605.0
47 11 558.0
47 12 653.0
47 13 641.0
47 14 1842.0
47 15 902.0
47 16 440.0
47 17 331.0
47 18 479.0
47 19 767.0
47 20 459.0
47 21 289.0
47 22 921.0
47 23 791.0
47 24 678.0
47 25 792.0
47 26 677.0
47 27 372.0
47 28 580.0
47 29 385.0
47 30 590.0
47 31 517.0
47 32 447.0
47 33 590.0
47 34 413.0
47 35 435.0
47 36 489.0
47 37 604.0
47 38 410.0
47 39 1133.0
47 40 684.0
47 41 985.0
47 42 926.0
47 43 395.0
47 44 1089.0
47 45 341.0
47 46 837.0
47 48 1296.0
48 0 851.0
48 1 1077.0
48 2 1019.0
48 3 1249.0
48 4 1092.0
48 5 1267.0
48 6 952.0
48 7 1023.0
48 8 1716.0
48 9 829.0
48 10 978.0
48 11 1145.0
48 12 860.0
48 13 1015.0
48 14 1979.0
48 15 1701.0
48 16 1039.0
48 17 1028.0
48 18 1330.0
48 19 982.0
48 20 1260.0
48 21 1042.0
48 22 1247.0
48 23 757.0
48 24 1173.0
48 25 921.0
48 26 992.0
48 27 1015.0
48 28 999.0
48 29 1245.0
48 30 1009.0
48 31 1357.0
48 32 1146.0
48 33 1195.0
48 34 1264.0
48 35 1526.0
48 36 1164.0
48 37 943.0
48 38 1063.0
48 39 1300.0
48 40 1251.0
48 41 615.0
48 42 464.0
48 43 1038.0
48 44 1577.0
48 45 1081.0
48 46 651.0
48 47 1242.0
